# R script for Peak Model
#  -- generated by MACS
p <- c(0.027965950156151886,0.03306011951545093,0.03805032623476427,0.04283260767410623,0.04886244079327653,0.047718851753433884,0.04834262759334806,0.049694141913162085,0.05000602983311917,0.04907036607324792,0.04834262759334806,0.047718851753433884,0.04803073967339097,0.049382253993205005,0.049174328713233614,0.04959017927317639,0.04886244079327653,0.048446590233333746,0.04855055287331944,0.04886244079327653,0.05000602983311917,0.05083773095300473,0.05208528263283307,0.05062980567303334,0.050941693592990424,0.052916983752718624,0.05385264751258988,0.05374868487260418,0.05385264751258988,0.05447642335250404,0.0533328343126614,0.053124909032690015,0.051461506792918894,0.05156546943290459,0.050941693592990424,0.05000602983311917,0.04927829135321931,0.04896640343326222,0.04896640343326222,0.04959017927317639,0.04927829135321931,0.05000602983311917,0.05021395511309056,0.05010999247310487,0.04979810455314778,0.04865451551330514,0.049694141913162085,0.05052584303304764,0.05083773095300473,0.05052584303304764,0.05208528263283307,0.0513575441529332,0.05229320791280445,0.051877357352861676,0.05260509583276154,0.05354075959263279,0.05229320791280445,0.05229320791280445,0.051669432072890285,0.05198131999284737,0.05239717055279015,0.05239717055279015,0.05104565623297612,0.051877357352861676,0.05083773095300473,0.05104565623297612,0.05239717055279015,0.05218924527281876,0.05208528263283307,0.05062980567303334,0.04927829135321931,0.049382253993205005,0.049902067193133476,0.05000602983311917,0.05125358151294751,0.05208528263283307,0.05250113319277584,0.05270905847274723,0.05270905847274723,0.05354075959263279,0.05374868487260418,0.0533328343126614,0.05458038599248974,0.05499623655243252,0.05416453543254696,0.053124909032690015,0.051877357352861676,0.05208528263283307,0.05302094639270432,0.053124909032690015,0.05499623655243252,0.055100199192418216,0.05406057279256127,0.05437246071251835,0.05551604975236099,0.057179451992132105,0.05873889159191753,0.05946663007181739,0.0613379575915599,0.06258550927138823,0.0612339949515742,0.062169658711445454,0.06310532247131671,0.062169658711445454,0.05967455535178878,0.05853096631194614,0.057387377272103496,0.057179451992132105,0.05572397503233238,0.05572397503233238,0.05676360143218933,0.056659638792203634,0.05572397503233238,0.057179451992132105,0.05832304103197475,0.059154742151860305,0.05977851799177448,0.05946663007181739,0.060610219111660035,0.05894681687188892,0.058634928951931835,0.05790719047203197,0.058842854231903226,0.05790719047203197,0.05998644327174586,0.06154588287153129,0.06279343455135962,0.06518457527103061,0.0632092851113024,0.06289739719134532,0.06227362135143115,0.06289739719134532,0.06227362135143115,0.062377583991416845,0.06102606967160281,0.05821907839198905,0.056867564072175025,0.054684348632475434,0.05478831127246113,0.05634775087224655,0.05613982559227516,0.055100199192418216,0.05582793767231808,0.05551604975236099,0.055620012392346686,0.055204161832403904,0.05447642335250404,0.05302094639270432,0.052916983752718624,0.05239717055279015,0.052916983752718624,0.05354075959263279,0.05104565623297612,0.051149618872961815,0.05125358151294751,0.05270905847274723,0.053644722232618486,0.053644722232618486,0.053124909032690015,0.052916983752718624,0.05083773095300473,0.05073376831301903,0.05198131999284737,0.05218924527281876,0.0513575441529332,0.049486216633190694,0.04927829135321931,0.05104565623297612,0.05260509583276154,0.053436796952647095,0.05593190031230377,0.05707548935214641,0.05759530255207489,0.057387377272103496,0.057387377272103496,0.05832304103197475,0.05821907839198905,0.05780322783204628,0.05790719047203197,0.05769926519206058,0.05801115311201767,0.0572834146321178,0.05645171351223224,0.055100199192418216,0.05624378823226085,0.057179451992132105,0.057387377272103496,0.0572834146321178,0.055620012392346686,0.05478831127246113,0.05447642335250404,0.053436796952647095,0.053436796952647095,0.05499623655243252,0.05437246071251835,0.053644722232618486,0.05385264751258988,0.05447642335250404,0.055100199192418216,0.05593190031230377,0.056659638792203634,0.05759530255207489,0.05873889159191753,0.05769926519206058,0.05894681687188892,0.06009040591173156,0.058634928951931835,0.058842854231903226,0.05853096631194614,0.05832304103197475,0.05759530255207489,0.0572834146321178,0.05655567615221794,0.058842854231903226,0.05946663007181739,0.05769926519206058,0.058842854231903226,0.05801115311201767,0.05759530255207489,0.05853096631194614,0.05780322783204628,0.05998644327174586,0.06102606967160281,0.06029833119170295,0.05707548935214641,0.05946663007181739,0.059154742151860305,0.05967455535178878,0.061130032311588506,0.05957059271180309,0.058427003671960444,0.05603586295228947,0.055204161832403904,0.05437246071251835,0.05551604975236099,0.05499623655243252,0.055100199192418216,0.05416453543254696,0.054892273912446825,0.05613982559227516,0.05759530255207489,0.05707548935214641,0.05645171351223224,0.05582793767231808,0.05551604975236099,0.05478831127246113,0.0553081244723896,0.05634775087224655,0.05499623655243252,0.05437246071251835,0.05395661015257557,0.055204161832403904,0.05572397503233238,0.05624378823226085,0.05749133991208919,0.058427003671960444,0.05832304103197475,0.05790719047203197,0.059154742151860305,0.0613379575915599,0.060922107031617115,0.05998644327174586,0.06050625647167434,0.06206569607145976,0.06258550927138823,0.060922107031617115,0.061130032311588506,0.062169658711445454,0.0613379575915599,0.05957059271180309,0.060818144391631426,0.0612339949515742,0.06185777079148837,0.06362513567124518,0.06206569607145976,0.06372909831123087,0.06539250055100199,0.06445683679113073,0.06445683679113073,0.06476872471108783,0.06518457527103061,0.06664005223083033,0.06674401487081602,0.0652885379110163,0.06612023903090186,0.06560042583097338,0.06445683679113073,0.06539250055100199,0.06487268735107352,0.06570438847095908,0.06549646319098769,0.06560042583097338,0.06560042583097338,0.06580835111094477,0.06570438847095908,0.0671598654307588,0.06882326767052992,0.06851137975057284,0.06965496879041548,0.06996685671037256,0.07142233367017228,0.07433328758977174,0.07464517550972882,0.07589272718955715,0.07766009206931397,0.08015519542897065,0.07880368110915661,0.07973934486902787,0.08150670974878468,0.08140274710879898,0.08213048558869884,0.0831701119885558,0.08379388782846996,0.08368992518848427,0.0828582240685987,0.08140274710879898,0.08368992518848427,0.08628899118812663,0.0868088043880551,0.08847220662782622,0.08878409454778331,0.08764050550794067,0.09159108582739707,0.09211089902732554,0.09325448806716818,0.09460600238698222,0.09658129254671041,0.09564562878683916,0.09710110574663888,0.09606147934678194,0.09658129254671041,0.09626940462675333,0.09387826390708236,0.09387826390708236,0.09439807710701083,0.0930465627871968,0.09086334734749721,0.09159108582739707,0.0907593847075115,0.09190297374735415,0.09273467486723971,0.09263071222725401,0.09356637598712526,0.09564562878683916,0.09710110574663888,0.09762091894656737,0.09855658270643862,0.09866054534642431,0.10021998494620973,0.10219527510593793,0.10115564870608099,0.10136357398605238,0.10053187286616681,0.10188338718598085,0.10250716302589502,0.10344282678576627,0.10417056526566613,0.10417056526566613,0.1046903784655946,0.10292301358583779,0.10427452790565182,0.104898303745566,0.10697755654527989,0.10333886414578057,0.10500226638555168,0.10323490150579488,0.10292301358583779,0.10396263998569474,0.10125961134606667,0.1009477234261096,0.10053187286616681,0.10198734982596654,0.10125961134606667,0.10396263998569474,0.10105168606609528,0.10614585542539433,0.10635378070536572,0.10624981806538003,0.10541811694549447,0.10791322030515114,0.1088488840650224,0.10760133238519405,0.10916077198497948,0.10947265990493656,0.11175983798462184,0.10905680934499379,0.10905680934499379,0.11030436102482212,0.1148787171841927,0.1164381567839781,0.11550249302410685,0.11810155902374922,0.11997288654349172,0.1188292975036491,