# R script for Peak Model
#  -- generated by MACS
p <- c(0.0329976600682095,0.03772696639720369,0.04385356777794617,0.049442747984939306,0.055354380896182054,0.05599928630468126,0.05750406559117941,0.05589180206993139,0.05567683360043166,0.05546186513093192,0.05492444395718258,0.05427953854868337,0.053097211966434826,0.05320469620118469,0.053097211966434826,0.05255979079268548,0.051377464210436936,0.05105501150618733,0.049657716454439046,0.048475389872190494,0.04890532681118997,0.04922777951543957,0.04998016915868865,0.051162495740937196,0.05062507456718786,0.05169991691468654,0.05245230655793561,0.05234482232318575,0.053634633140184164,0.054494507018183105,0.05438702278343324,0.05546186513093192,0.056214254774180995,0.053527148905434294,0.05406457007918364,0.05255979079268548,0.052022369618936144,0.051807401149436404,0.05234482232318575,0.05255979079268548,0.051914885384186274,0.05159243267993667,0.05105501150618733,0.0538496016096839,0.053097211966434826,0.05245230655793561,0.05169991691468654,0.051807401149436404,0.05169991691468654,0.05073255880193773,0.05062507456718786,0.050302621862938254,0.04933526375018944,0.04740054752469182,0.04815293716794089,0.049442747984939306,0.051162495740937196,0.05277475926218522,0.051377464210436936,0.05159243267993667,0.05331218043593456,0.051914885384186274,0.051807401149436404,0.05169991691468654,0.051914885384186274,0.04987268492393878,0.046755642116192604,0.045358347064444325,0.04654067364669287,0.046755642116192604,0.04546583129919419,0.04589576823819366,0.04729306328994195,0.04654067364669287,0.04503589436019472,0.046863126350942474,0.049657716454439046,0.04901281104593984,0.049550232219689176,0.051162495740937196,0.051807401149436404,0.05223733808843588,0.05094752727143746,0.05234482232318575,0.052022369618936144,0.051377464210436936,0.05169991691468654,0.0514849484451868,0.04922777951543957,0.04729306328994195,0.046755642116192604,0.046755642116192604,0.046970610585692345,0.046433189411943,0.04772300022894142,0.0487978425764401,0.04750803175944168,0.04933526375018944,0.05105501150618733,0.051377464210436936,0.051269979975687066,0.05051759033243799,0.05212985385368601,0.05169991691468654,0.051807401149436404,0.05094752727143746,0.052989727731684956,0.05234482232318575,0.05245230655793561,0.05212985385368601,0.05266727502743535,0.055246896661432184,0.053097211966434826,0.05341966467068443,0.05341966467068443,0.054494507018183105,0.05320469620118469,0.054601991252932976,0.05438702278343324,0.05438702278343324,0.0541720543139335,0.05320469620118469,0.05331218043593456,0.05266727502743535,0.0514849484451868,0.05169991691468654,0.04976520068918891,0.04933526375018944,0.04933526375018944,0.049550232219689176,0.049442747984939306,0.04804545293319103,0.04761551599419155,0.04836790563744063,0.04901281104593984,0.048690358341690235,0.050302621862938254,0.0487978425764401,0.0487978425764401,0.04987268492393878,0.05008765339343852,0.05105501150618733,0.051269979975687066,0.05255979079268548,0.052022369618936144,0.052882243496935086,0.05406457007918364,0.05406457007918364,0.054494507018183105,0.0538496016096839,0.052989727731684956,0.053634633140184164,0.05481695972243271,0.05395708584443377,0.0538496016096839,0.053527148905434294,0.05212985385368601,0.05427953854868337,0.053097211966434826,0.05245230655793561,0.05427953854868337,0.053527148905434294,0.05503192819193245,0.054601991252932976,0.05556934936568179,0.05406457007918364,0.054494507018183105,0.052022369618936144,0.052882243496935086,0.0538496016096839,0.051807401149436404,0.051914885384186274,0.05073255880193773,0.05051759033243799,0.05084004303668759,0.051914885384186274,0.051377464210436936,0.05212985385368601,0.05406457007918364,0.05395708584443377,0.05427953854868337,0.05567683360043166,0.055354380896182054,0.056321739008930866,0.05567683360043166,0.05599928630468126,0.05739658135642955,0.05675167594793034,0.053634633140184164,0.0538496016096839,0.0541720543139335,0.05331218043593456,0.051269979975687066,0.051162495740937196,0.05169991691468654,0.051162495740937196,0.050195137628188384,0.051162495740937196,0.05266727502743535,0.051269979975687066,0.05159243267993667,0.05169991691468654,0.05395708584443377,0.05341966467068443,0.053634633140184164,0.052882243496935086,0.051914885384186274,0.0514849484451868,0.05234482232318575,0.052989727731684956,0.05245230655793561,0.05212985385368601,0.05051759033243799,0.051807401149436404,0.051807401149436404,0.05255979079268548,0.0538496016096839,0.05492444395718258,0.05341966467068443,0.05438702278343324,0.05492444395718258,0.054601991252932976,0.05578431783518153,0.05503192819193245,0.0538496016096839,0.054709475487682846,0.05427953854868337,0.053527148905434294,0.053742117374934034,0.052882243496935086,0.052882243496935086,0.05320469620118469,0.05331218043593456,0.05320469620118469,0.052989727731684956,0.0514849484451868,0.05255979079268548,0.05406457007918364,0.0538496016096839,0.05513941242668231,0.05503192819193245,0.05578431783518153,0.056429223243680736,0.057074128652179944,0.0592238133471773,0.05943878181667704,0.0589013606429277,0.05718161288692981,0.058041486764928756,0.05750406559117941,0.05814897099967862,0.057074128652179944,0.056429223243680736,0.056429223243680736,0.056321739008930866,0.05546186513093192,0.055354380896182054,0.056321739008930866,0.05546186513093192,0.05556934936568179,0.05546186513093192,0.055246896661432184,0.05578431783518153,0.054494507018183105,0.054601991252932976,0.055354380896182054,0.0538496016096839,0.0541720543139335,0.05481695972243271,0.054494507018183105,0.053634633140184164,0.05438702278343324,0.0538496016096839,0.05503192819193245,0.05438702278343324,0.05513941242668231,0.05589180206993139,0.05589180206993139,0.055246896661432184,0.0541720543139335,0.05567683360043166,0.0565367074784306,0.05513941242668231,0.05503192819193245,0.054709475487682846,0.05438702278343324,0.0568591601826802,0.0565367074784306,0.05771903406067915,0.06072859263367546,0.05911632911242744,0.05857890793867809,0.059653750286176775,0.059546266051426905,0.059653750286176775,0.061266013807424795,0.05997620299042638,0.06019117145992611,0.05986871875567651,0.05761154982592928,0.05997620299042638,0.06094356110317519,0.06223337192017361,0.06309324579817255,0.06481299355417044,0.06363066697192189,0.0639531196761715,0.06416808814567124,0.06556538319741952,0.06685519401441793,0.06835997330091609,0.06825248906616622,0.0693273314136649,0.06921984717891504,0.06921984717891504,0.07007972105691397,0.07222940575191134,0.07362670080365963,0.07480902738590817,0.07803355442840422,0.07857097560215355,0.07996827065390184,0.07953833371490236,0.08222543958364907,0.08147304994039999,0.08287034499214828,0.08254789228789867,0.08308531346164802,0.08287034499214828,0.08233292381839893,0.07986078641915197,0.08136556570565012,0.08265537652264854,0.08222543958364907,0.08340776616589762,0.0851275139218955,0.08297782922689814,0.08394518733964695,0.0844826085133963,0.08362273463539735,0.0844826085133963,0.08351525040064749,0.0824404080531488,0.08158053417514986,0.08168801840989973,0.08168801840989973,0.08426764004389656,0.08459009274814616,0.08491254545239577,0.08663229320839366,0.0878146197906422,0.08738468285164273,0.0892119148423905,0.0892119148423905,0.09093166259838838,0.09093166259838838,0.09232895765013667,0.09125411530263798,0.09082417836363851,0.09007178872038944,0.08867449366864115,0.08931939907714036,0.08802958826014194,0.08856700943389129,0.08759965132114247,0.08534248239139525,0.08340776616589762,0.0824404080531488,0.0824404080531488,0.08330028193114775,0.08587990356514458,0.08459009274814616,0.087169714382143,0.08706223014739313,0.0874921670863926,0.08856700943389129,0.09157656800688758,0.09308134729338574,0.0945861265798839,0.09437115811038416,0.09179153647638733,0.09340379999763535,0.09394122117138469,0.09619839010113192,0.09770316938763007,0.09845555903087914,0.09630587433588178,0.09501606351888336,0.09415618964088443,0.09232895765013667,0.09340379999763535,0.09501606351888336,0.09404870540613455,